#Varname	PatientA	PatientB	PatientC	PatientD	PatientE	PatientF	PatientG	PatientH	PatientI	PatientJ
NM_015952	13588.33 	1548.02 	1420.00 	3551.47 	634.00 	3623.03 	2200.00 	2460.81 	7281.18 	7.31 
NM_014267	2979.58 	8658.36 	5640.00 	2120.00 	11100.00 	23.30 	795.32 	1881.46 	98.40 	0.30 
NM_058163	10366.90 	1107.50 	4757.84 	5180.00 	245.42 	2909.55 	6870.00 	5467.30 	11700.00 	4484.66 
NM_024294	6490.15 	4513.43 	507.71 	4957.77 	1090.00 	1740.00 	781.00 	1004.12 	9216.27 	2210.00 
NM_152298	1720.00 	12882.09 	409.06 	5770.00 	6351.85 	66.27 	1647.54 	682.31 	16000.00 	4968.00 
NM_001008708	79.30 	5100.26 	357.64 	1128.02 	28900.00 	6659.39 	1145.04 	13812.94 	3411.01 	14.95 
BC031273.1	2020.00 	12033.39 	3740.00 	5329.06 	2636.60 	730.00 	3830.00 	6233.54 	5378.89 	2581.75 
NM_014042	2092.10 	6670.00 	2180.00 	18819.13 	20000.00 	134.00 	11700.00 	432.40 	17465.00 	40.43 
NM_024745	6663.43 	641.67 	4750.00 	12400.00 	5558.35 	1843.49 	1593.37 	2500.00 	63000.00 	1748.24 
NM_016616	931.39 	2809.32 	2400.00 	4003.87 	6560.00 	2390.00 	6050.00 	449.00 	12643.68 	4.51 
NM_005365	8870.00 	1070.00 	3374.70 	9039.02 	7147.19 	6968.79 	585.62 	9570.00 	16251.47 	3423.55 
NM_017978	15987.82 	7862.38 	6890.00 	13586.06 	11100.00 	9960.00 	7368.85 	2774.26 	13020.86 	2300.00 
NM_016449	13300.00 	3440.00 	6120.00 	5597.67 	3163.43 	8740.00 	9125.67 	1694.07 	53936.52 	3420.00 
NM_000918	11100.00 	7640.00 	570.33 	10053.19 	1241.90 	8719.05 	1265.50 	6880.00 	33076.91 	15500.00 
BC001785.1	3836.94 	15700.00 	5960.00 	8910.00 	3020.74 	217.96 	4770.47 	1270.00 	27000.00 	4954.20 
BC013586.1	9460.00 	9575.24 	7211.90 	5380.00 	75.78 	2700.00 	7360.00 	27753.06 	17900.00 	2.17 
NM_145689	4960.00 	1886.53 	2635.33 	3533.61 	1448.63 	1452.25 	9710.00 	3280.00 	6002.06 	13000.00 
NM_003946	1400.00 	3446.70 	25100.00 	9423.70 	634.00 	4302.03 	3890.00 	1043.79 	51378.27 	114.00 
ENST00000374876	4090.00 	871.00 	2787.17 	5334.27 	411.00 	1980.00 	2140.00 	181.67 	41686.42 	102.01 
NM_052957	6140.00 	179.02 	1060.00 	6130.00 	2400.00 	5511.23 	3650.35 	1610.64 	16400.00 	3252.00 
NM_002824	6044.50 	1073.48 	456000.00 	5720.00 	1370.00 	10400.00 	10300.00 	1942.38 	31900.00 	1279.37 
NM_198493	149.00 	1900.00 	6140.00 	7707.87 	731.79 	3719.51 	1590.00 	10398.33 	18563.74 	5930.00 
NM_024948	1180.00 	4390.18 	1440.00 	11500.00 	4540.13 	10247.67 	7470.00 	2850.00 	23500.00 	8157.50 
NM_052849	592.00 	2610.00 	2840.00 	2730.00 	6438.96 	604.47 	13732.03 	1600.00 	574.00 	14829.57 
NM_031899	3508.87 	6424.46 	2600.00 	4050.00 	12350.08 	1752.69 	3127.15 	5900.32 	20600.00 	3800.00 
NM_001001713	2890.00 	1734.87 	2604.42 	5454.81 	5640.00 	2340.90 	4894.86 	2139.13 	22138.74 	605.03 
NM_153757	4587.82 	2137.69 	1589.01 	6974.96 	167.26 	96.00 	2437.72 	11829.86 	24057.43 	2293.56 
NM_018975	22000.00 	7268.67 	667.00 	3535.10 	5329.06 	881.02 	3124.35 	17383.59 	15579.11 	1500.00 
BC037284.2	729.00 	270.02 	274.24 	6579.11 	5018.60 	3360.00 	2870.22 	1090.00 	51870.24 	483.19 
NM_001087	15135.28 	5337.80 	5570.00 	1700.00 	2689.86 	748.00 	8150.00 	128.84 	508.00 	2050.00 
NM_032907	1078.73 	1157.90 	168.60 	3467.39 	10800.00 	4432.50 	2140.00 	1480.67 	18432.55 	5185.35 
NM_001007072	2520.00 	3050.00 	1090.00 	3831.98 	5370.70 	4030.00 	11500.00 	22700.00 	2755.04 	2620.00 
NM_003011	4268.16 	2696.18 	5185.24 	10579.25 	638.94 	1523.24 	1910.65 	10957.91 	24746.19 	3513.31 
BC093033.1	106.28 	769.82 	288.11 	8739.90 	5760.00 	7200.00 	2410.00 	2500.00 	38291.81 	523.00 
BC010228.2	3987.35 	6010.00 	3070.00 	8350.00 	10700.00 	4024.77 	68.03 	4380.00 	8580.00 	8320.00 
NM_001440	10999.51 	5080.00 	4030.00 	2006.03 	110.00 	3380.75 	987.00 	8890.00 	4411.35 	4338.82 
NM_016641	3830.00 	4234.87 	1258.77 	1276.83 	437.00 	4840.00 	2695.86 	198.81 	983.94 	4684.23 
NM_004343	1747.30 	5410.00 	19823.57 	3940.00 	0.74 	47.94 	19.80 	303.52 	16000.00 	5730.65 
NM_078468	6620.41 	1100.00 	3010.00 	2620.00 	2327.34 	244.41 	68.10 	738.00 	4210.00 	834.46 
AL136761	1629.06 	1523.12 	7970.00 	4110.00 	6191.39 	5912.60 	2910.00 	1070.00 	39800.00 	9300.00 
BC032710	197.41 	9225.03 	5870.00 	2450.98 	329.75 	3070.00 	653.72 	19.60 	17448.60 	12.46 
NM_001009615	3090.00 	11003.88 	13000.00 	8650.00 	1214.84 	1060.00 	5531.52 	3030.00 	9630.00 	11090.25 
NM_003708	421.06 	2150.00 	8747.94 	817.00 	2066.70 	768.24 	14700.00 	5722.54 	2150.00 	2510.00 
NM_001098413	3516.55 	3460.00 	11429.48 	2009.75 	32.70 	592.12 	6405.75 	1520.00 	361000.00 	7152.59 
